0	[12, 158, 41]	Count: 658453
1	[21, 119, 12]	Count: 3745
2	[22, 61, 247]	Count: 7514
3	[25, 62, 174]	Count: 179968
4	[26, 165, 166]	Count: 52196
5	[28, 34, 108]	Count: 408440
6	[31, 95, 84]	Count: 7838
7	[37, 128, 125]	Count: 456976
8	[40, 63, 99]	Count: 63
9	[48, 188, 172]	Count: 53804
10	[52, 187, 148]	Count: 14524
11	[56, 214, 26]	Count: 14613
12	[57, 240, 137]	Count: 146482
13	[59, 37, 212]	Count: 55418
14	[60, 138, 96]	Count: 70194
15	[61, 212, 54]	Count: 16281
16	[64, 86, 142]	Count: 1480766
17	[65, 54, 217]	Count: 148
18	[66, 226, 253]	Count: 8142
19	[67, 17, 35]	Count: 37912
20	[68, 218, 116]	Count: 7
21	[71, 146, 227]	Count: 28730
22	[78, 98, 254]	Count: 49329
23	[80, 205, 152]	Count: 103796
24	[89, 121, 72]	Count: 563764
25	[90, 162, 242]	Count: 629958
26	[95, 224, 39]	Count: 963161
27	[97, 184, 83]	Count: 274
28	[104, 5, 98]	Count: 42
29	[108, 116, 224]	Count: 124592
30	[111, 178, 117]	Count: 51642
31	[115, 176, 195]	Count: 6309
32	[141, 174, 0]	Count: 81893
33	[145, 71, 201]	Count: 56243
34	[148, 66, 130]	Count: 11064
35	[149, 111, 207]	Count: 627872
36	[152, 3, 129]	Count: 344766
37	[153, 108, 6]	Count: 122717
38	[156, 198, 23]	Count: 42470
39	[158, 114, 88]	Count: 40353
40	[164, 194, 17]	Count: 49311374
41	[166, 245, 3]	Count: 702
42	[168, 231, 15]	Count: 9
43	[170, 179, 42]	Count: 69509
44	[174, 249, 197]	Count: 14
45	[175, 6, 140]	Count: 2411
46	[176, 24, 50]	Count: 38059
47	[177, 106, 230]	Count: 29150
48	[187, 70, 156]	Count: 40204029
49	[190, 225, 64]	Count: 343
50	[191, 195, 144]	Count: 107276
51	[198, 180, 122]	Count: 281394
52	[199, 29, 1]	Count: 9939
53	[200, 45, 170]	Count: 13592
54	[204, 143, 135]	Count: 110013
55	[205, 120, 161]	Count: 56308
56	[208, 125, 68]	Count: 13395072
57	[213, 220, 89]	Count: 3014
58	[216, 78, 75]	Count: 182339
59	[219, 103, 127]	Count: 11112
60	[223, 248, 167]	Count: 355687
61	[224, 186, 249]	Count: 16367
62	[226, 149, 143]	Count: 1014
63	[227, 133, 211]	Count: 432401
64	[232, 250, 80]	Count: 16688198
65	[240, 59, 210]	Count: 12406
66	[244, 117, 51]	Count: 19246
67	[245, 22, 110]	Count: 127
68	[247, 200, 111]	Count: 12038
69	[251, 164, 128]	Count: 138398
